service_id,monday,tuesday,wednesday,thursday,friday,saturday,sunday,start_date,end_date
66801,1,1,1,1,1,0,0,20241216,20241221
66802,1,1,1,1,0,0,0,20241216,20241221
66803,0,1,1,1,1,0,0,20241216,20241221
66804,0,1,1,1,1,0,0,20241216,20241221
66805,0,0,0,0,1,0,0,20241216,20241221
66806,0,0,0,0,0,1,0,20241216,20241221
66807,0,0,0,0,0,1,0,20241216,20241221
66808,0,0,0,0,0,0,1,20241216,20241221
66809,0,0,0,0,0,0,1,20241216,20241221
66810,0,0,1,1,1,1,0,20241216,20241221
66811,0,1,1,1,1,1,0,20241216,20241221
66812,0,1,1,1,1,1,0,20241216,20241221
66813,1,0,0,0,0,0,0,20241216,20241221
66814,1,0,0,0,0,0,0,20241216,20241221
66815,1,0,0,0,0,0,0,20241216,20241221
66816,0,1,0,0,0,0,0,20241216,20241221
66817,0,1,0,0,0,0,0,20241216,20241221
66818,1,0,1,1,1,0,0,20241216,20241221
66819,1,0,1,1,1,0,0,20241216,20241221
66820,0,0,1,0,0,0,0,20241216,20241221
66821,0,0,1,0,0,0,0,20241216,20241221
66822,1,1,0,1,1,0,0,20241216,20241221
66823,1,1,0,1,1,0,0,20241216,20241221
66824,0,0,0,1,0,0,0,20241216,20241221
66825,0,0,0,1,0,0,0,20241216,20241221
66826,1,1,1,0,1,0,0,20241216,20241221
66827,1,1,1,0,1,0,0,20241216,20241221
66828,0,1,1,0,0,0,0,20241216,20241221
66829,0,1,1,0,0,0,0,20241216,20241221
66830,1,0,0,1,1,0,0,20241216,20241221
66831,1,0,0,1,1,0,0,20241216,20241221
66832,1,1,0,0,1,0,0,20241216,20241221
66833,1,1,0,0,1,0,0,20241216,20241221
66834,1,1,1,1,1,0,1,20241216,20241221
66835,1,1,1,1,1,0,1,20241216,20241221
66836,1,1,1,1,1,1,0,20241216,20241221
66837,1,1,1,1,1,1,0,20241216,20241221
66838,1,1,1,1,1,1,0,20241216,20241221
66839,1,1,1,1,1,0,0,20241216,20241221
66840,1,1,1,1,0,0,1,20241216,20241221
66841,0,1,1,0,1,0,0,20241216,20241221
66842,0,1,1,0,1,0,0,20241216,20241221
66901,1,1,1,1,1,0,0,20241222,20250331
66902,1,1,1,1,0,0,0,20241222,20250331
66903,0,1,1,1,1,0,0,20241222,20250331
66904,0,1,1,1,1,0,0,20241222,20250331
66905,0,0,0,0,1,0,0,20241222,20250331
66906,0,0,0,0,0,1,0,20241222,20250331
66907,0,0,0,0,0,1,0,20241222,20250331
66908,0,0,0,0,0,0,1,20241222,20250331
66909,0,0,0,0,0,0,1,20241222,20250331
66910,0,0,1,1,1,1,0,20241222,20250331
66911,0,1,1,1,1,1,0,20241222,20250331
66912,0,1,1,1,1,1,0,20241222,20250331
66913,1,0,0,0,0,0,0,20241222,20250331
66914,1,0,0,0,0,0,0,20241222,20250331
66915,1,0,0,0,0,0,0,20241222,20250331
66916,0,1,0,0,0,0,0,20241222,20250331
66917,0,1,0,0,0,0,0,20241222,20250331
66918,1,0,1,1,1,0,0,20241222,20250331
66919,1,0,1,1,1,0,0,20241222,20250331
66920,0,0,1,0,0,0,0,20241222,20250331
66921,0,0,1,0,0,0,0,20241222,20250331
66922,1,1,0,1,1,0,0,20241222,20250331
66923,1,1,0,1,1,0,0,20241222,20250331
66924,0,0,0,1,0,0,0,20241222,20250331
66925,0,0,0,1,0,0,0,20241222,20250331
66926,1,1,1,0,1,0,0,20241222,20250331
66927,1,1,1,0,1,0,0,20241222,20250331
66928,0,1,1,0,0,0,0,20241222,20250331
66929,0,1,1,0,0,0,0,20241222,20250331
66930,1,0,0,1,1,0,0,20241222,20250331
66931,1,0,0,1,1,0,0,20241222,20250331
66932,1,1,0,0,1,0,0,20241222,20250331
66933,1,1,0,0,1,0,0,20241222,20250331
66934,1,1,1,1,1,0,1,20241222,20250331
66935,1,1,1,1,1,0,1,20241222,20250331
66936,1,1,1,1,1,1,0,20241222,20250331
66937,1,1,1,1,1,1,0,20241222,20250331
66938,1,1,1,1,1,1,0,20241222,20250331
66939,1,1,1,1,1,0,0,20241222,20250331
66940,1,1,1,1,0,0,1,20241222,20250331
66941,0,1,1,0,1,0,0,20241222,20250331
66942,0,1,1,0,1,0,0,20241222,20250331
108501,1,1,1,1,1,0,0,20241216,20250331
108502,1,1,1,1,0,0,0,20241216,20250331
108503,0,1,1,1,1,0,0,20241216,20250331
108504,0,1,1,1,1,0,0,20241216,20250331
108505,0,0,0,0,1,0,0,20241216,20250331
108506,0,0,0,0,0,1,0,20241216,20250331
108507,0,0,0,0,0,1,0,20241216,20250331
108508,0,0,0,0,0,0,1,20241216,20250331
108509,0,0,0,0,0,0,1,20241216,20250331
108510,0,0,1,1,1,1,0,20241216,20250331
108511,0,1,1,1,1,1,0,20241216,20250331
108512,0,1,1,1,1,1,0,20241216,20250331
108513,1,0,0,0,0,0,0,20241216,20250331
108514,1,0,0,0,0,0,0,20241216,20250331
108515,1,0,0,0,0,0,0,20241216,20250331
108516,0,1,0,0,0,0,0,20241216,20250331
108517,0,1,0,0,0,0,0,20241216,20250331
108518,1,0,1,1,1,0,0,20241216,20250331
108519,1,0,1,1,1,0,0,20241216,20250331
108520,0,0,1,0,0,0,0,20241216,20250331
108521,0,0,1,0,0,0,0,20241216,20250331
108522,1,1,0,1,1,0,0,20241216,20250331
108523,1,1,0,1,1,0,0,20241216,20250331
108524,0,0,0,1,0,0,0,20241216,20250331
108525,0,0,0,1,0,0,0,20241216,20250331
108526,1,1,1,0,1,0,0,20241216,20250331
108527,1,1,1,0,1,0,0,20241216,20250331
108528,0,1,1,0,0,0,0,20241216,20250331
108529,0,1,1,0,0,0,0,20241216,20250331
108530,1,0,0,1,1,0,0,20241216,20250331
108531,1,0,0,1,1,0,0,20241216,20250331
108532,1,1,0,0,1,0,0,20241216,20250331
108533,1,1,0,0,1,0,0,20241216,20250331
108534,1,1,1,1,1,0,1,20241216,20250331
108535,1,1,1,1,1,0,1,20241216,20250331
108536,1,1,1,1,1,1,0,20241216,20250331
108537,1,1,1,1,1,1,0,20241216,20250331
108538,1,1,1,1,1,1,0,20241216,20250331
108539,1,1,1,1,1,0,0,20241216,20250331
108540,1,1,1,1,0,0,1,20241216,20250331
108541,0,1,1,0,1,0,0,20241216,20250331
108542,0,1,1,0,1,0,0,20241216,20250331
208501,1,1,1,1,1,0,0,20241216,20250331
